-12.196578 -108.681804
68.428994 -107.518915
3.326948 74.483560
3.360612 -52.663721
46.253204 20.069944
212.467668 37.172123
102.096273 78.340821
-12.784189 -33.681328
-68.715483 130.842096
-93.584189 -267.236586
-77.273954 -52.156564
-201.528819 5.036793
-89.462497 -1.316648
-18.468027 -67.945447
-7.373837 85.824586
37.691206 -74.927214
140.230702 80.590051
-33.523235 67.256922
121.152317 4.648051
-28.511451 115.086809
-131.427548 -13.108190
-47.095904 7.227059
167.326631 -1.024261
-40.560796 -31.525667
-60.695982 -159.632654
-98.812127 79.713885
110.470136 -132.556928
-97.174885 156.957028
15.873876 -16.190426
141.817303 -199.364014
