1315.377877 4586.501320
2189.591862 6788.647167
9346.928962 5194.163720
345.721105 5297.001931
76.981861 668.422373
6867.727124 9304.364950
5269.287778 6539.189622
7011.905945 7621.980400
474.645134 3282.342262
7564.104861 3653.386709
9825.502863 7533.558352
726.858828 8847.071288
4364.114055 4777.317651
2749.068401 1665.072002
8976.562867 605.643275
5045.228949 3190.329411
4939.766852 907.328946
737.490752 3841.421480
9138.174421 4644.458249
500.839837 7702.045470
1253.653756 6884.553011
6295.434181 7254.119987
8885.722141 3063.218309
5132.737022 8459.815603
8415.106396 4153.946154
4679.173685 1783.277037
5716.548107 330.537543
4984.801191 7482.926512
8907.374816 8420.396127
2127.515146 1304.272618
2745.881475 4142.932630
7098.195927 2399.108049
3175.395363 6520.586862
6813.462137 3877.253370
1475.330031 8455.756597
9554.088267 1481.515620
4087.666938 5648.986806
4885.145492 9610.951410
1997.571990 6292.691564
6512.537414 8030.729961
4764.318029 2032.503345
9016.734990 1420.210319
4103.130357 8856.483711
1621.985517 3653.390286
1351.093680 4553.072842
4523.001692 9316.744007
2152.483841 9089.218855
8608.598360 5059.558751
8175.614831 4622.449794
6327.387002 8246.973870
7022.066489 9544.149031
2893.162032 5144.346662
4140.284829 8765.657192
7297.476804 7156.423350
7065.354745 190.924037
5249.874056 651.938727
4889.431594 6820.491199
9166.338956 8900.186800
1391.949988 9893.624999
4460.234265 5146.594575
4397.255628 8066.499173
2115.189572 1536.044796
6163.503657 8.789995
7273.349903 4177.237158
6805.619840 8364.198799
8287.079522 817.376092
6295.718365 2135.467993
3888.232377 9475.450622
2692.147419 2840.350369
7838.652028 2821.558854
113.162264 9832.357979
8197.260936 3981.436905
1768.803685 1577.311797
2571.686560 1016.373776
6347.174395 7947.698130
7529.404132 6334.299068
5982.166362 3187.778801
1174.369352 5261.232768
5879.889134 7029.894119
1616.877087 8602.256957
5568.357827 3160.073382
5285.482678 5881.191220
4308.477921 3702.262756
4468.659425 3878.312187
782.632080 2539.222813
6762.369215 7286.083638
9447.528234 9401.631203
4604.341729 6613.554968
6056.397039 1503.938894
3438.175588 5228.077134
149.505687 6429.788859
9178.477192 9700.866743
8439.753689 4557.515977
220.837001 7069.499509
4366.384496 7517.100932
6956.791526 7538.627464
42.539230 799.168845
9033.011836 7466.791474
63.416899 5184.784227
5440.227125 2158.258920
6268.613705 7093.198467
2802.889231 3719.096866
3101.689384 1037.972841
7758.803289 552.787903
1602.739191 2970.221100
4778.043171 5199.884863
1503.115332 8336.821347
5777.759961 3311.749554
9868.829888 16.574159
293.554798 4896.517030
7389.587276 5362.667692
1225.068929 1882.757970
6141.255198 1259.328173
9540.284958 8381.016394
2590.141923 4243.358747
8979.142376 7606.172938
4518.512299 6655.034551
2095.623056 5469.748365
1759.742579 4319.082827
6874.144885 8362.065591
9733.462031 803.530813
7694.373792 2501.552722
7691.140570 7492.516157
6816.657805 363.676189
2216.673171 6526.219202
3714.657465 2336.914980
1659.275363 1597.576985
6619.935112 9491.571477
6210.456373 179.445199
7218.716359 536.943910
5191.748643 653.562676
9771.802073 3290.561033
7432.739539 1713.793369
9397.254033 2549.574782
1238.487732 1600.831621
1051.848380 3685.621403
3272.275566 5767.758604
7582.457668 6997.911028
9352.416020 3620.836261
4550.723920 2404.404762
4215.786503 2897.664644
2163.861494 5274.390922
8636.427533 7115.644471
3828.215031 4597.627693
7953.526116 32.287806
6646.888315 1868.247440
1340.391418 9460.445743
6060.012972 3474.916680
5096.582278 8343.384571
3294.342884 6317.632739
414.204384 7670.650164
5193.032157 2205.155331
889.926629 7064.612741
2617.785190 3783.661953
2326.076094 4694.984939
9772.383249 342.430992
316.387916 5915.882010
3295.788707 5365.282690
4035.810867 9669.096530
8675.142269 1483.904084
6395.232986 9319.147246
8154.067673 5728.065221
9452.502728 1554.138796
3436.133762 965.382738
224.050384 8568.761178
6745.247323 6984.603322
1919.837559 3458.717374
1407.104844 2216.564596
5860.157858 263.396870
7623.438864 773.243177
9255.030465 4304.460030
8312.559790 6016.376415
5193.366347 1614.194153
5743.602818 5314.272956
6670.492911 5487.362846
6679.654387 5715.826078
4413.132158 5022.747285
316.565488 5220.634640
350.595072 1071.805178
5518.294263 6111.105642
7720.302942 4866.811524
6969.957482 4868.495140
7104.500625 2766.469648
2801.037287 5304.895731
2354.027188 5974.762303
9202.523649 8211.773319
2302.697496 8995.211175
6515.145365 9359.359405
8587.659267 9524.309408
1229.497514 7024.713805
1077.388095 998.656074
3445.764897 7576.211406
3307.583509 5731.829168
2024.819701 9743.478676
4918.407448 8049.123702
1595.798011 1492.513890
3806.083003 4241.335307
6512.945992 601.424651
8976.568988 9012.179481
1707.962421 314.037761
5222.146501 2771.981612
5868.619727 8118.953812
9398.714846 5798.625064
8807.840834 1895.485882
7189.194482 728.690494
8790.598789 898.530984
4167.963602 6746.928429
8130.468373 7693.601006
8965.239732 4864.707011
3774.845371 6875.778985
768.217585 4776.407797
2380.193352 9758.808098
6811.988275 3624.001437
7942.779127 735.109554
4838.728348 4996.573308
9328.434656 1461.956336
803.220366 4081.774507
9631.601997 1980.799358
1963.074382 5756.791972
5856.745926 3682.026724
6001.326514 1487.874215
9954.006112 4027.398869
8195.271844 3742.493966
4797.786074 6464.952044
7990.347693 3576.717736
3343.067523 1448.974549
6668.563316 3146.988840
6022.493953 9208.295326
5165.314723 2641.334561
8336.481461 6346.194262
4580.458626 1558.729013
6659.731977 7948.807588
2886.544630 3206.113279
7191.552357 2318.953417
3733.593171 738.503268
5661.826336 4225.524811
2930.434460 3575.256802
5894.192327 4630.587154
9444.520611 504.816354
5959.271917 8641.715373
1045.793599 8333.778360
6585.935642 189.160155
1946.788674 5230.724579
7197.947557 8370.818525
6598.875738 6430.266872
5348.761913 3234.288801
4423.703201 2766.675644
1172.378180 8363.754708
3329.283146 5359.563341
9298.900993 2432.285017
5967.231533 2469.736848
1961.779591 8359.970492
6232.426180 6716.482156
8712.838311 1156.065948
6760.652556 4545.471736
322.693752 8550.824561
6614.253841 599.598064
2794.932245 1764.200510
8972.447444 5941.591604
6909.315886 5693.399015
4345.028022 2031.583102
2724.428582 2443.001882
4769.516922 9614.361371
2174.098297 7824.745875
9600.548209 5734.001961
1290.429357 5018.537449
5050.589906 1183.972781
6689.044797 3867.074130
8310.967456 1234.442971
6480.752793 8486.953387
1055.624426 3609.674335
7192.042820 5809.693089
1571.542861 1691.095194
6713.515062 8865.103448
3418.478753 6996.390958
7919.824521 2822.195908
1699.609405 731.837171
7501.708947 1645.995776
7732.024495 4339.283081
9293.214757 2662.867879
7927.802420 2139.157768
3806.276028 9285.276411
6165.630901 3563.341374
1979.005240 7911.404868
182.512029 1145.293605
6546.287794 3824.129855
3312.915917 9143.681484
3934.509422 8315.510086
1296.092952 9420.695064
3520.604899 5718.912590
8442.014220 8173.167571
4353.752791 3491.569907
9191.185907 7445.800882
7764.176804 6120.577499
3146.075115 1259.221550
1332.933813 1260.309878
7505.248379 4589.137407
2346.758803 6839.460538
8542.364825 1201.766596
9441.926296 602.623737
1411.793400 2274.884997
5991.940981 537.268020
8123.052053 318.384033
9744.670149 6710.795724
2382.172273 5897.080111
2277.623353 4478.139919
9330.054420 5134.989289
8595.105536 6094.681863
6240.051093 6443.897853
260.002996 2077.492906
5603.246823 1206.907302
1377.155826 5426.003214
8865.997262 3625.930151
2992.111420 9130.021975
9702.988806 7978.723032
4487.203009 6939.260881
4682.092959 4015.547479
4672.088087 5175.955111
8992.673201 1369.940193
6891.342308 4092.782727
312.550682 1926.467059
2748.686715 4086.264696
7222.929174 6329.385731
2.753492 3464.313593
4922.073909 3185.492904
1380.019719 3869.129788
561.347580 7655.317723
9619.206284 9990.921416
3497.826254 1990.004602
5428.245192 2016.169227
5137.590112 6080.198511
7984.503352 1466.714469
5237.845123 5716.269628
6787.094286 8446.407010
3320.726722 7440.746052
4027.836632 5554.527350
6145.013881 6139.261253
396.632777 3434.892703
1713.935097 4238.453286
7303.727004 3656.438552
866.057661 4181.656933
3252.624002 5639.835707
5318.602095 602.412890
1101.322173 5495.150062
1272.371621 593.470044
9179.770044 8585.111667
5493.023317 8463.253560
6643.455864 9731.931708
1593.466521 2833.327161
5979.563404 628.860369
9493.941021 2822.312280
4308.244266 1986.306162
7591.964197 6727.388344
6833.649069 1684.826583
9209.356678 38.184268
1781.518443 6682.736033
5174.822042 4669.673840
936.437456 4451.209483
6520.462890 8823.502668
2039.132710 160.745765
1090.831907 5611.330897
2454.943692 300.402311
8863.517124 5474.012364
4870.479215 9366.087386
5489.065124 7533.368426
1724.586755 3804.264987
9670.378285 3013.895734
8904.529979 2503.560369
8395.563138 7084.789597
5263.000869 915.335089
7821.303499 3078.589257
7566.264457 6453.458271
1542.324240 4551.992133
1624.279031 4090.576064
1672.853606 9854.310861
3335.698884 3543.263441
3221.502694 6413.757548
376.828167 782.140789
4911.220248 2527.184695
6586.140048 16.643476
1008.697791 9555.155156
1654.064072 1164.420709
9609.558685 2203.904005
2545.628313 2430.108045
5492.284346 8516.493410
5576.103906 9019.963935
7596.973853 9982.900746
3750.401321 7455.222131
7663.133585 6416.650087
1024.681310 8633.607043
9309.750723 2911.661297
9753.997771 8306.690553
1896.219009 7652.091321
323.388134 3754.370004
1931.474131 5969.474923
5494.784778 7769.840595
7083.984018 8835.646835
9946.611482 4997.731490
7484.348576 6897.073706
1712.271870 2828.275051
9108.528105 3993.079334
9024.936077 5483.651321
2631.526566 2358.338140
3356.055293 4528.831362
6671.042880 8192.049333
5417.962575 7462.838872
7586.989488 4067.498200
7022.796346 6611.773099
2763.933567 3014.629856
9542.915563 9023.039008
9742.401233 4099.579667
7960.380543 6020.063941
1099.271146 730.384075
3833.808193 3909.328656
5591.087688 6990.295496
111.431403 3873.829828
5656.901476 2685.855395
1616.204141 8083.099741
1916.709969 6481.543205
728.547595 3789.551292
4932.547636 2162.455099
3531.263048 8921.491014
4391.504509 9821.682171
5766.378247 1432.442757
4998.351664 825.975523
1729.270669 3746.215483
1646.847444 2454.271057
7911.563159 2507.457656
5498.137024 5152.904437
3518.687734 4122.104126
9156.874823 5686.319918
4005.228573 8063.549847
434.072369 1300.990478
9692.200476 2072.091308
8306.832198 3060.616399
9849.219797 3328.685412
823.947008 6816.561414
2041.530553 1639.365016
1974.649283 8718.265726
907.455231 2470.257295
5170.697802 8679.914736
5967.025769 9867.290034
8227.986580 6864.307700
6279.983577 3966.552781
4200.512643 4777.587181
8136.223551 2947.930615
4743.201428 4292.413829
4640.328457 6580.646063
5623.061248 6676.233276
6524.651628 2796.919600
51.815798 591.971656
2146.594489 2536.613668
7381.624238 4731.903357
9230.613312 2506.546324
6839.095681 4739.221010
5063.900618 8350.662648
9731.015912 1487.036884
3964.878591 7706.179401
4544.784123 6363.210029
7420.021119 2721.354330
1804.081631 7877.070181
772.550088 8411.158175
9448.105169 9459.629060
3771.789607 8287.048018
2286.008208 8614.293741
9546.512901 8690.136241
7501.040222 4174.577025
4037.073185 3620.572900
2039.261668 8235.794138
9658.366795 4168.392600
7249.633205 4151.004168
6033.597620 9874.301840
42.021455 1301.776696
6778.323516 2368.329539
6807.436681 1459.929699
5987.797328 737.121226
2029.640471 7325.986566
9582.147597 7404.768985
2154.471621 8391.599230
2186.243945 2707.013059
8358.452131 6228.139281
4577.324640 7252.345758
4128.362093 1022.574137
4357.724639 2424.781278
6318.424328 5446.402600
789.410793 482.646869
4703.301290 3384.523324
8537.982218 2785.634139
7033.318198 8703.762016
1819.809865 5309.306223
7252.913661 2353.269977
2377.462697 8223.002928
8678.885210 386.597922
4877.121797 3552.525666
1650.430700 3103.276959
1503.711459 9067.068585
5917.144400 8293.311189
2113.423203 5821.170729
1550.585031 3075.250968
3686.089149 349.709612
652.273069 7705.940506
3028.710913 9672.530663
6978.251082 1544.306542
5654.606068 6889.871881
4588.407291 1617.973368
124.615120 8054.937287
5634.894427 5756.522751
7284.530957 5108.255181
4747.750929 5851.816799
7256.217918 3451.887780
329.570387 7575.717244
4091.428101 1625.330685
346.696469 1717.290846
9470.306081 8200.921469
3326.385165 8350.344688
4413.893872 590.458231
6442.861909 2088.854541
6888.506767 3670.198309
1237.231860 8132.343148
5405.554795 7328.870132
5496.823218 7068.193070
7209.481555 7052.981781
3821.996887 1843.570382
3041.403485 7002.349878
4902.600412 1792.378072
2340.110354 5276.891650
3389.337014 6746.110333
5967.369049 8209.331292
518.739221 1386.876903
8560.611734 222.511398
2755.837420 991.746918
7821.748300 7973.823611
172.277734 6268.238862
3119.876858 3206.194813
8142.878345 7370.551895
1297.527356 3161.779746
1040.976612 8838.110191
6161.266712 8782.107858
3769.616032 8037.954281
6478.727808 630.678250
5918.939482 3312.824278
2506.974909 1588.546884
7147.640718 719.813263
1858.773907 2378.581923
1927.560787 3443.965858
3170.121214 9801.409137
6621.777362 9289.023471
7862.371922 6512.396390
1811.590799 2571.865014
242.923883 4837.231418
9676.674646 8854.849578
8692.810471 1918.433962
2257.696240 8179.461188
5437.134464 1830.573369
8936.452034 2794.751632
3517.691301 6932.279615
431.582384 2440.231339
5706.779405 3510.957743
2892.793922 3207.441608
6624.498028 9339.272974
7950.145230 3075.253165
3229.071303 591.830971
1950.040674 5158.756955
5432.250795 6123.643104
9812.891665 6432.217154
1913.063121 1716.810589
9287.882509 3973.863534
1959.157555 8013.249717
8242.594262 5709.289668
842.390516 1091.460255
7441.139761 6596.955916
5068.065988 1757.870555
2680.079075 4546.292831
9589.148722 1741.943857
5157.914300 5966.204806
7431.415747 3458.904217
9629.219413 995.497559
1044.080138 7942.393121
3801.006160 1398.371722
968.658498 1210.033825
7132.795151 5795.758358
5876.473873 9953.338749
646.321488 3758.705747
2384.607861 9828.806248
1341.134443 6416.718500
6556.515307 3510.989236
8793.406047 1715.863586
4834.269396 960.074776
1230.697706 1204.496118
1340.906274 4215.906232
2578.374134 5699.280336
1870.787736 1543.781541
6006.119819 971.637423
3432.965408 9170.234523
9312.944558 2454.576710
8000.322450 5867.550887
8118.450922 5164.409632
6588.654337 3834.565810
1944.503943 5596.223181
7017.675708 2639.834653
1174.738677 511.764872
472.520256 7939.754654
2801.119689 2231.885545
5081.372360 2992.374920
1102.820660 1466.639004
8223.898647 6875.890118
2261.357954 1630.391329
6990.010550 823.488716
1271.604548 2341.195450
8576.956506 3686.248991
2010.867637 6896.557114
7636.239485 131.423130
2355.991310 1842.127126
8766.966201 542.970294
9369.270720 8854.857915
3219.218231 1755.795394
1627.131516 9857.893133
6439.971805 9383.633391
7777.230472 4428.212331
1315.224482 3408.331197
3663.133639 7253.486971
7731.898201 8660.382893
4204.434479 6552.351977
6239.293394 4731.920698
7697.843762 2637.459153
879.194536 5661.277188
3027.345457 1416.358451
7196.411951 7522.236684
645.333094 6911.104592
9960.592429 5818.273695
247.698425 4663.510338
4141.818750 2132.068065
8351.040562 1853.739256
8174.601999 4671.726879
3944.448221 3258.342818
9108.289220 5107.761888
1507.259346 9421.065013
5031.773122 4902.720497
2757.184429 9036.130779
471.861936 9022.523015
5350.115552 3061.397935
3665.194111 9604.596496
6595.137034 5836.823017
5169.574926 3719.097829
5384.910841 443.745924
1004.318986 5802.751827
6417.033793 8162.111280
6342.311964 1679.285066
7438.360792 6700.253012
7397.274545 9315.293643
611.399488 3628.826119
1758.085300 2646.459180
5641.130651 4807.515778
6994.774856 8133.806371
20.347659 705.906587
0.062657 9724.772545
5961.751619 3148.112309
8036.301800 2276.077797
2667.025462 2023.192574
6458.015180 5867.936575
4291.480496 2136.175228
9534.730577 3536.311992
1335.566932 2206.388466
1368.220074 6824.964503
7197.468063 2594.989623
9971.532842 1966.512969
1561.155433 612.409571
6191.221105 3518.744410
3586.299031 1464.431224
5208.887906 8629.918617
9535.914805 8600.716762
9072.562778 9502.731297
9018.335068 3675.560578
167.437794 3274.993114
5830.205425 9300.848407
8723.811268 9164.940673
8545.328380 1362.311572
1438.510869 6277.069249
8665.592422 6109.373693
5278.728414 3671.644682
5499.471827 2961.105297
5775.841027 1871.346141
7713.189184 5484.818461
259.106478 7635.492394
4850.259884 7843.837288
292.357924 8581.164177
7301.509710 3324.416053
2397.890966 8120.037097
1016.783815 1946.523861
2321.363320 2040.925328
660.737461 9811.687062
5274.203241 3646.294307
2766.474042 4517.757360
4962.141090 9328.746129
4457.689541 2703.461324
1502.325637 8663.420881
9365.036262 9186.023202
350.081581 1722.063947
2844.819635 5437.157929
19.717902 316.599650
6148.150705 1510.774295
6107.306072 3822.570892
4528.880820 7299.521566
1422.560921 1073.142482
9684.417455 1319.467360
1280.375537 8926.655472
6069.307226 388.291053
2328.676703 1672.695368
683.144044 4847.868658
6832.565433 1413.416503
9073.858938 2305.272035
2487.541349 2191.521093
6529.546425 2256.986488
913.529133 79.059379
8617.955826 6912.295677
2576.616542 9471.712771
2812.855866 1990.904799
9018.772035 6105.198367
8278.232122 196.259666
8903.220322 6420.541359
8659.032391 942.017429
8612.750228 5186.288392
4857.353538 54.894089
1663.515110 5535.685005
9754.570419 6901.659611
6895.951875 2711.478283
4208.956948 2343.153239
4215.024696 1022.396066
4307.538691 4614.333755
6325.572466 7578.672156
4226.003021 5661.968085
4328.235588 6030.591958
4751.575075 2314.007042
5148.111541 9788.178096
4255.260918 6698.123143
1969.598042 7822.894253
1947.420893 1454.930787
7309.057385 4878.912444
7647.673518 281.227811
6568.791135 1097.309722
7782.190483 4440.130794
1541.412379 5939.872306
8349.445215 6022.316535
1995.634898 4878.550568
7001.751698 4090.707464
9005.911849 1748.537014
9238.896950 5589.069347
4862.879280 5325.627681
5934.976810 1582.696108
7185.405309 4069.767684
110.113928 586.725772
9771.157056 2407.936644
3616.004450 8207.259155
3146.036712 3337.833384
6456.554091 3696.213403
1532.048246 466.009169
6078.554357 5677.505337
4167.420473 6332.349765
6962.598139 2457.035368
8314.073198 6458.597466
7295.120197 3348.944176
9650.719191 5919.938568
268.041201 5538.019308
2901.997531 4974.976030
3021.912230 73.373145
7533.160806 4286.365248
56.445594 4527.562041
4391.232828 6729.945800
5519.910148 4074.363360
4956.589182 2949.696766
8635.315068 3339.770446
8663.049912 1101.489888
144.927699 8703.885173
934.017970 9096.197340
7578.513718 8493.587309
9954.581131 3465.087457
2310.677512 5493.731208
893.410917 1987.504572
9297.395806 4947.402571
3626.807448 7554.217386
6805.563111 4430.847196
5528.008607 7209.297611
6995.909466 7846.884483
8585.787061 7900.946162
4614.595329 5047.306129
5117.277512 169.739098
4339.374523 9368.672432
7789.273693 4943.221665
803.609198 9450.251933
7078.259394 5090.975177
790.306598 3671.831521
3721.586387 1740.038261
959.763307 9550.342387
3890.756481 6109.947005
1972.734520 4541.066193
3670.495241 7623.219232
975.465451 6920.308768
2204.228385 1768.848845
8112.005924 2461.480495
5678.263875 2647.416284
4464.746469 529.167280
9137.578021 6306.916009
9757.877560 3534.563900
8478.877490 9611.147839
8582.744427 8677.840832
66.106193 3534.246519
6268.612748 7440.732774
2570.118788 4852.764893
1429.019800 4917.536167
2955.240549 9679.961329
5717.342856 7188.939366
7751.456262 7315.824527
4108.301143 8132.827298
5243.887249 5871.030942
7362.848534 2714.321060
7413.391235 4255.020830
8445.312288 1134.580948
6845.607219 2876.697923
2491.641619 6615.946591
190.166693 4821.993772
1250.381067 4047.971313
4822.270900 3334.238713
500.982916 4002.830334
6093.188556 4284.144182
4268.339138 993.326763
4760.203736 5689.898979
814.141180 3804.510837
6361.006347 1937.546042
596.543753 5919.478167
8856.904058 8152.586596
7954.474947 1429.408320
2155.695534 3106.309556
6087.482306 9705.214771
8859.738639 7607.327439
2210.522006 4167.608400
1037.510702 4396.338484
7815.861802 7747.859744
470.612305 8160.395662
5615.589741 757.743457
2676.947797 5789.836567
6401.546636 9158.174838
7621.746481 5097.527182
9561.573157 7796.036669
9540.162248 5543.084905
9107.377455 4118.577571
4548.953231 7334.234612
7916.144953 6212.468356
5500.675376 6843.718008
7493.311692 5973.921587
8249.054211 2090.596080
9008.517039 3058.082774
3266.955877 4652.900480
1407.870773 8201.258238
2770.148187 8712.253047
7887.038213 2342.344570
5692.135277 9203.297811
9784.561335 8147.020235
8642.481628 9106.938947
6298.861030 8306.222242
5658.061311 7800.917225
5259.289835 6297.262705
632.955399 4118.249904
6668.948414 3582.405356
5095.093329 6265.796794
9497.517659 4319.348667
482.017936 7135.879367
1343.344872 7881.743774
4521.737451 2114.202595
4563.319591 8035.889269
1634.183886 9928.653164
3890.432654 3416.694367
2084.493632 8133.301777
4357.737845 2836.453019
3636.165675 5128.926864
3392.781177 8373.175752
5351.613140 3849.577882
835.465203 1106.195084
2679.174220 5577.884559
8998.800351 9009.438567
2394.684454 8118.528427
8313.868183 4316.611672
7401.538260 2187.979506
5881.823574 8678.642699
6821.910844 4474.917382
1797.877859 5694.532850
4389.999936 4651.302189
4257.626987 3353.457383
9154.914282 1344.545912
1460.300507 9528.495731
3837.171869 9229.713529
7300.028810 5535.185273
8661.846699 1926.084642
8655.552021 2251.923880
9180.749094 5469.304790
2808.891045 7962.916510
2922.024335 2198.718332
9321.575678 349.990045
5339.048646 5988.387445
4629.901418 5582.323100
7734.044566 4471.893308
5671.007917 2940.302179
590.107366 5350.251798
8387.452862 5520.792277
2683.332368 8833.998370
8284.317385 6011.714566
8827.195958 5067.476844
2779.067585 7706.172170
1762.934258 3526.661259
6983.857442 9952.301368
6023.407672 1340.811964
3867.673596 2167.155677
9895.273309 1399.680396
8191.566649 8608.284897
9082.092302 3252.809238
56.581176 1754.579919
377.142341 6697.045226
6982.226363 9911.016533
3033.316764 8619.676837
846.604594 4666.685824
9780.503443 4976.693644
6730.367707 4017.479385
9439.891284 737.769882
1537.768139 7786.753294
5349.518895 2378.072214
664.659277 5009.562448
444.766486 4482.325075
1777.880531 6128.157886
5230.188564 6680.771721
5376.964079 7058.677196
8831.974088 9050.102349
3436.728819 9158.717249
5468.131402 9944.194254
7600.991841 2995.539227
8519.212042 2121.597098
9393.162055 9497.778234
1550.215703 6509.340982
4506.956703 7250.257220
2679.383299 4729.382955
8321.532660 9494.508020
5863.911163 5881.876897
1070.762970 6848.517400
7491.343812 8596.606452
7378.047033 2758.765434
3503.678690 226.765795
4872.760419 3259.532532
3687.838311 5743.311789
8142.817125 4097.544711
2564.683381 6597.553193
696.649936 4763.080849
8490.830939 3586.736812
4085.198259 5957.413102
8729.761245 622.184212
1432.977612 7986.435024
1781.001478 6061.095253
971.363266 560.196120
8905.064591 7091.993895
852.520488 7557.837289
9478.495882 3788.377877
4175.583552 4281.522523
467.226757 4510.101700
1109.952174 7699.871850
7850.781203 5212.259418
6415.900055 5740.074876
39.120579 6127.515794
9089.495835 8600.363799
4744.528139 7289.234640
144.690233 1008.821560
2299.243607 859.129324
516.146715 1851.302282
3575.645076 3417.323978
1697.086244 9803.672835
4694.388327 2242.836339
3206.909351 7617.272508
7651.983150 5410.580359
3915.225507 9902.081980
2484.393580 5681.986681
2540.772931 6328.429592
4777.737009 1734.936495
8214.378308 7050.994357
5803.713378 1426.526376
3992.522649 9545.344567
3010.440797 3493.046925
9955.263574 6039.744914
7838.515288 6750.070614
7501.922950 2467.292733
9573.152557 1412.543882
5151.145929 9477.055410
6109.913687 443.992876
8124.127071 7140.713467
4852.727304 3698.760889
2678.887304 8569.720146
1720.015711 7306.782516
9899.386044 7090.694487
9916.218511 2710.710176
2627.414798 8950.545512
1037.176509 3671.921775
8375.684298 7308.607662
9629.257421 7109.765808
6067.847733 9391.181218
2739.196952 1032.538414
