0.8637298703508556 9.56200453482639 1.1111378405306538 5.262841656394218 0
1.1111378405306538 5.262841656394218 3.067305398619501 7.722485534128973 0
3.067305398619501 7.722485534128973 4.949723957265154 2.8088269896705054 0
3.067305398619501 7.722485534128973 1.1111378405306538 5.262841656394218 -1
1.1111378405306538 5.262841656394218 4.949723957265154 2.8088269896705054 0
1.1111378405306538 5.262841656394218 4.957817638742167 0.1882849963156208 0
4.957817638742167 0.1882849963156208 5.345742621437953 3.4219570827881416 0
5.345742621437953 3.4219570827881416 6.673855490698427 1.5942470125499741 0
5.345742621437953 3.4219570827881416 4.957817638742167 0.1882849963156208 -1
4.957817638742167 0.1882849963156208 6.673855490698427 1.5942470125499741 0
4.957817638742167 0.1882849963156208 8.545395236412059 8.46616966033512 0
8.545395236412059 8.46616966033512 8.68219255783356 6.04856679637583 0
8.545395236412059 8.46616966033512 4.957817638742167 0.1882849963156208 -1
4.957817638742167 0.1882849963156208 8.68219255783356 6.04856679637583 0
4.957817638742167 0.1882849963156208 9.632731863404734 6.4468041373193365 0
8.68219255783356 6.04856679637583 8.545395236412059 8.46616966033512 0
8.68219255783356 6.04856679637583 9.632731863404734 6.4468041373193365 -1
9.632731863404734 6.4468041373193365 8.545395236412059 8.46616966033512 0
9.632731863404734 6.4468041373193365 6.673855490698427 1.5942470125499741 0
6.673855490698427 1.5942470125499741 5.345742621437953 3.4219570827881416 0
6.673855490698427 1.5942470125499741 9.632731863404734 6.4468041373193365 -1
9.632731863404734 6.4468041373193365 5.345742621437953 3.4219570827881416 0
9.632731863404734 6.4468041373193365 4.957817638742167 0.1882849963156208 0
4.957817638742167 0.1882849963156208 4.949723957265154 2.8088269896705054 0
4.957817638742167 0.1882849963156208 9.632731863404734 6.4468041373193365 -1
9.632731863404734 6.4468041373193365 4.949723957265154 2.8088269896705054 0
9.632731863404734 6.4468041373193365 3.067305398619501 7.722485534128973 0
3.067305398619501 7.722485534128973 1.1111378405306538 5.262841656394218 0
1.1111378405306538 5.262841656394218 0.8637298703508556 9.56200453482639 0
1.1111378405306538 5.262841656394218 3.067305398619501 7.722485534128973 -1
3.067305398619501 7.722485534128973 0.8637298703508556 9.56200453482639 0
