1.481652839656401 5.694392367278551
7.653217038836566 8.337894258933293
3.7816987614094044 2.2701060259139503
5.503732131480019 7.802288788830363
5.531133368908985 0.13100451597710783
7.4580009244097045 5.404837478075811
8.30208305130235 3.977068481045686
1.3900993658071525 4.836780734652394
9.575918125374496 6.600695605866383
2.8566468702465677 0.5915353373269006
5.398726268377531 9.600429017444428
4.694920729943927 1.261659071256379
5.988155795959812 6.572184705064449
7.822876402048533 0.8487614503643892
9.538930255089612 7.115349432863802
7.540008840405425 0.24177303295641606
6.932964335985652 2.137545697329293
8.606206745877724 8.721923844749512
0.9224133168477322 2.1453717616921253
7.673156323858362 8.983058544023896
